geometry = {
    vertices : [
  0.0, -2.0, 0.0,
                
                -1.0, -1.0, 0.0,
                0.0, -1.0, -1.0,
                1.0, -1.0, 0.0,
                0.0, -1.0, 1.0,
                
                
                -2.0, 0.0, 0.0,
                0.0,  0.0, -2.0,
                2.0, 0.0, 0.0,
                0.0, 0.0, 2.0,
                
                -1.0, 1.0, 0.0,
                0.0, 1.0, -1.0,
                1.0, 1.0, 0.0,
                0.0, 1.0, 1.0,
                
                0.0, 2.0, 0.0,
                ],
    
    indices : [
 0,1,2, 0,2,3,
 0,3,4, 0,4,1,
13, 9,10, 13,10,11, 
13, 11,12, 13,12, 9, 
1,2,5 , 5,2,6,
2,3,6, 6,3,7,
1,4,5, 5,4,8,
3,4,7, 7,4,8,
5,6,9, 9,6,10,
6,7,10, 10,7,11,
7,8,11 , 11,8,12,
5,8,9, 9,8,12
 
               
               ],
    
    colors : [
              1.0,  1.0,  1.0,  1.0,
              1.0,  0.0,  0.0,  1.0,
              0.0,  1.0,  0.0,  1.0,
              0.0,  0.0,  1.0,  1.0,
              1.0,  0.0,  0.0,  1.0,
              0.0,  1.0,  0.0,  1.0,
              0.0,  0.0,  1.0,  1.0,
              1.0,  1.0,  1.0,  1.0,
              1.0,  0.0,  0.0,  1.0,
              0.0,  1.0,  0.0,  1.0,
              0.0,  0.0,  1.0,  1.0,
              1.0,  0.0,  0.0,  1.0,
              0.0,  1.0,  0.0,  1.0,
              0.0,  0.0,  1.0,  1.0
              ]
};
